Loading poker data...
Ordering data...
Loading plant data...
Loading chess data...


Plant tests
(0,5.074)(1,5.074)(2,5.074)(3,4.332)(4,4.332)(5,4.332)(6,4.332)(7,4.208)(8,4.208)(9,4.208)(10,4.208)(11,4.208)(12,5.569)(13,5.569)(14,5.569)(15,5.569)(16,5.569)(17,5.569)(18,5.569)(19,5.569)(20,5.569)

(0,5.074)(1,4.455)(2,4.579)(3,4.579)(4,4.703)(5,4.579)(6,4.827)(7,4.827)(8,4.950)(9,4.950)(10,4.950)(11,4.950)(12,4.950)(13,4.950)(14,4.950)(15,5.693)(16,5.693)(17,5.817)(18,5.817)(19,5.817)(20,5.817)



Chess tests
(0,13.235)(1,13.235)(2,13.235)(3,13.235)(4,13.247)(5,13.306)(6,13.306)(7,13.211)(8,13.199)(9,13.188)(10,13.235)(11,13.247)(12,13.295)(13,13.318)(14,13.342)(15,13.366)(16,13.378)(17,13.390)(18,13.485)(19,13.532)(20,13.615)

(0,13.235)(1,13.176)(2,13.841)(3,14.708)(4,15.255)(5,15.980)(6,16.894)(7,17.429)(8,18.237)(9,18.772)(10,19.057)(11,19.556)(12,19.960)(13,20.470)(14,20.613)(15,20.827)(16,21.409)(17,21.884)(18,22.110)(19,22.609)(20,22.740)



Poker tests
(0,2.055)(1,2.055)(2,2.055)(3,2.088)(4,2.229)(5,2.328)(6,2.434)(7,2.606)(8,2.850)(9,3.081)(10,3.344)(11,3.545)(12,3.807)(13,4.093)(14,4.267)(15,4.678)(16,4.985)(17,5.170)(18,5.478)(19,5.746)(20,5.949)

(0,2.055)(1,3.055)(2,4.183)(3,5.589)(4,6.589)(5,7.385)(6,7.836)(7,8.138)(8,8.300)(9,8.482)(10,8.707)(11,8.922)(12,9.095)(13,9.212)(14,9.347)(15,9.640)(16,10.033)(17,10.381)(18,10.617)(19,10.841)(20,10.980)


Process finished with exit code 0